-3.427157519506879968e+00 4.765313173166891279e-04 -9.742279707388876110e-05 4.765313173166891279e-04 -3.437101181162213859e+00 7.426542933491967488e-04 -9.742279707388876110e-05 7.426542933491967488e-04 -3.427618799332003086e+00
-3.413858218313994275e+00 3.884461685246427278e-04 -2.418450904997174742e-04 3.884461685246427278e-04 -3.423614815748748708e+00 7.438993131201091739e-04 -2.418450904997174742e-04 7.438993131201091739e-04 -3.414519012557406086e+00
-3.414486642043362608e+00 1.593625306767765260e-04 -7.420317834637405905e-04 1.593625306767765260e-04 -3.423217654441828017e+00 7.622633547410658439e-04 -7.420317834637405905e-04 7.622633547410658439e-04 -3.415517829668620831e+00
-3.414933604141120238e+00 -2.029382226587075802e-04 -1.552539654327658595e-03 -2.029382226587075802e-04 -3.421698730321314663e+00 7.871637501593120676e-04 -1.552539654327658595e-03 7.871637501593120676e-04 -3.415679059728953693e+00
-3.413778225793713261e+00 -6.701318916935543064e-04 -2.670878663549646880e-03 -6.701318916935543064e-04 -3.418156649073069264e+00 8.276268927139623574e-04 -2.670878663549646880e-03 8.276268927139623574e-04 -3.415573233048426527e+00
