6.987234719333271116e+00 -4.675840334521403168e-06 5.195378149468225507e-07 -4.675840334521403168e-06 6.987292388030730272e+00 1.039075629893645101e-06 5.195378149468225507e-07 1.039075629893645101e-06 6.987405387505480903e+00
6.997215820065121328e+00 8.676281509611936406e-05 1.753440125445526027e-04 8.676281509611936406e-05 6.997430389182694555e+00 -8.442489492885865655e-05 1.753440125445526027e-04 -8.442489492885865655e-05 6.998573891913394185e+00
6.993385007986611335e+00 4.291382351460753782e-04 6.374728989397512348e-04 4.291382351460753782e-04 6.993223431726163675e+00 -5.636985292173024228e-04 6.374728989397512348e-04 -5.636985292173024228e-04 6.994250298217406403e+00
7.001383292647718193e+00 1.024788339982607389e-03 1.224031092014713981e-03 1.024788339982607389e-03 7.000145493803607621e+00 -1.502503360826210792e-03 1.224031092014713981e-03 -1.502503360826210792e-03 7.005302166385862783e+00
7.002064926260929134e+00 1.863841911121725571e-03 2.196086343780219007e-03 1.863841911121725571e-03 6.999921313236457721e+00 -2.736925209139860673e-03 2.196086343780219007e-03 -2.736925209139860673e-03 7.005951069116730601e+00
1.011253541461397276e+01 4.676981620942312068e-01 -8.112753131504893966e-01 4.676981620942312068e-01 9.984329161483556092e+00 1.466111983630100646e-01 -8.112753131504893966e-01 1.466111983630100646e-01 1.009486083830897662e+01
1.011312232270302225e+01 4.688126844756629885e-01 -8.114614856222298611e-01 4.688126844756629885e-01 9.982235537722402796e+00 1.464664812999566801e-01 -8.114614856222298611e-01 1.464664812999566801e-01 1.009842675719077576e+01
1.011365395691382219e+01 4.699083634895095951e-01 -8.115114833575556297e-01 4.699083634895095951e-01 9.984430664423614488e+00 1.459356008238599234e-01 -8.115114833575556297e-01 1.459356008238599234e-01 1.009695747700894231e+01
1.012308217307378833e+01 4.710073086870710246e-01 -8.117039369518245229e-01 4.710073086870710246e-01 9.992073785561020216e+00 1.451798561612479277e-01 -8.117039369518245229e-01 1.451798561612479277e-01 1.009972041718671676e+01
1.013196493655339125e+01 4.720444476389534794e-01 -8.117898627080124552e-01 4.720444476389534794e-01 1.000407675946781083e+01 1.441949761488014736e-01 -8.117898627080124552e-01 1.441949761488014736e-01 1.010940892306425809e+01
1.298980968693029148e+01 9.843546524224936478e-01 5.433402026581750643e-01 9.843546524224936478e-01 1.304961893317173249e+01 -3.912470452289009692e-01 5.433402026581750643e-01 -3.912470452289009692e-01 1.303476964016556572e+01
1.299524536255382401e+01 9.836406503792340938e-01 5.409783911212222574e-01 9.836406503792340938e-01 1.306075078550556512e+01 -3.910211476541222142e-01 5.409783911212222574e-01 -3.910211476541222142e-01 1.304423833074334382e+01
1.299641847034776632e+01 9.833270255909490887e-01 5.379096444554312129e-01 9.833270255909490887e-01 1.307056965387726066e+01 -3.905440090873296133e-01 5.379096444554312129e-01 -3.905440090873296133e-01 1.305236966868855930e+01
1.300058673142283716e+01 9.832100559729406442e-01 5.340957038482448960e-01 9.832100559729406442e-01 1.308281564182262535e+01 -3.898926345270453675e-01 5.340957038482448960e-01 -3.898926345270453675e-01 1.306214808506735992e+01
1.300779425307248971e+01 9.830265598846900099e-01 5.295358382395509711e-01 9.830265598846900099e-01 1.309459959977685806e+01 -3.890952916309547982e-01 5.295358382395509711e-01 -3.890952916309547982e-01 1.307518069369383262e+01
5.050405956771150784e+00 8.423294388064415106e-01 5.190327511793801918e-01 8.423294388064415106e-01 5.252312399141866095e+00 8.303650726849411967e-01 5.190327511793801918e-01 8.303650726849411967e-01 5.402561096825987619e+00
5.050950901609581933e+00 8.417935188703518090e-01 5.195121327566848413e-01 8.417935188703518090e-01 5.255998009995064280e+00 8.299982369485984224e-01 5.195121327566848413e-01 8.299982369485984224e-01 5.405240696506435683e+00
5.049652111987349201e+00 8.412790994368987141e-01 5.194680699981950589e-01 8.412790994368987141e-01 5.258937739213584983e+00 8.295074415242150723e-01 5.194680699981950589e-01 8.295074415242150723e-01 5.406296344642061769e+00
5.051371621321668393e+00 8.405005688908108175e-01 5.193804753578238342e-01 8.405005688908108175e-01 5.266182612287201970e+00 8.288650808281590177e-01 5.193804753578238342e-01 8.288650808281590177e-01 5.411291097211353929e+00
5.054457341607474952e+00 8.394921687733244431e-01 5.191880325873111657e-01 8.394921687733244431e-01 5.275816164659913987e+00 8.280969023759333636e-01 5.191880325873111657e-01 8.280969023759333636e-01 5.418203376089865131e+00
5.806168030307034655e+00 -8.428408524156346671e-01 6.377106257408199363e-01 -8.428408524156346671e-01 5.758600038276966870e+00 -7.323562643331403832e-01 6.377106257408199363e-01 -7.323562643331403832e-01 5.841971949135098541e+00
5.810460398536575255e+00 -8.417903004321732885e-01 6.377127347535846980e-01 -8.417903004321732885e-01 5.764349997953573279e+00 -7.316797984888337991e-01 6.377127347535846980e-01 -7.316797984888337991e-01 5.842450695032707308e+00
5.814226304454703786e+00 -8.405132932030925375e-01 6.375964754249255906e-01 -8.405132932030925375e-01 5.767049007039314112e+00 -7.306471731138731718e-01 6.375964754249255906e-01 -7.306471731138731718e-01 5.842864588787796798e+00
5.818895395089354494e+00 -8.389668595933097439e-01 6.373323215761355076e-01 -8.389668595933097439e-01 5.770030623835537220e+00 -7.290153244871163674e-01 6.373323215761355076e-01 -7.290153244871163674e-01 5.843858197426608392e+00
5.826069729261981855e+00 -8.372843946601979948e-01 6.368443487476821430e-01 -8.372843946601979948e-01 5.782510706871185846e+00 -7.270228346775804429e-01 6.368443487476821430e-01 -7.270228346775804429e-01 5.846275916934845718e+00
-2.374335851386415175e-01 1.138497171607007942e-06 5.692485858035039712e-07 1.138497171607007942e-06 -2.374526549662659136e-01 1.707745757410511808e-06 5.692485858035039712e-07 1.707745757410511808e-06 -2.374492394747510782e-01
-2.354873242237792985e-01 -4.502756313705716363e-04 -7.636469778554004799e-04 -4.502756313705716363e-04 -2.356868458531034549e-01 -6.526435036237172253e-04 -7.636469778554004799e-04 -6.526435036237172253e-04 -2.353438735801568205e-01
-2.313827572958431500e-01 -7.539697518967409997e-04 -1.798540906846170587e-03 -7.539697518967409997e-04 -2.355149327801907833e-01 -1.328910823558279936e-03 -1.798540906846170587e-03 -1.328910823558279936e-03 -2.323558877532742595e-01
-2.193878357200846063e-01 -1.018954968588271955e-03 -3.310749775033179111e-03 -1.018954968588271955e-03 -2.246371615540716238e-01 -2.178229713577107835e-03 -3.310749775033179111e-03 -2.178229713577107835e-03 -2.226732539330495420e-01
-2.137246661642184520e-01 -1.358511750020062296e-03 -5.384806997408245199e-03 -1.358511750020062296e-03 -2.166138873614641414e-01 -3.365966887856119104e-03 -5.384806997408245199e-03 -3.365966887856119104e-03 -2.178309408379120182e-01
-1.658232086853571818e+00 -1.928359535546270501e-02 3.244302047890666452e-01 -1.928359535546270501e-02 -1.429181567455586999e+00 -5.930325719172611088e-01 3.244302047890666452e-01 -5.930325719172611088e-01 -1.381218743321751319e+00
-1.653137987958067656e+00 -1.953486070496628091e-02 3.237903817703191023e-01 -1.953486070496628091e-02 -1.421431984413937366e+00 -5.928847859170310874e-01 3.237903817703191023e-01 -5.928847859170310874e-01 -1.372337300242836733e+00
-1.662136610469117315e+00 -1.957421200680268397e-02 3.224640971528698330e-01 -1.957421200680268397e-02 -1.422460073610804177e+00 -5.917246512406688641e-01 3.224640971528698330e-01 -5.917246512406688641e-01 -1.373354021285839721e+00
-1.662972898505922226e+00 -1.955089271682555405e-02 3.207101950554649972e-01 -1.955089271682555405e-02 -1.412153238932037258e+00 -5.899124509183211185e-01 3.207101950554649972e-01 -5.899124509183211185e-01 -1.363601019744029808e+00
-1.658329153398101719e+00 -1.944362398293075778e-02 3.183179273949361954e-01 -1.944362398293075778e-02 -1.393432221447272967e+00 -5.877606634356815629e-01 3.183179273949361954e-01 -5.877606634356815629e-01 -1.348993525011231043e+00
2.292704542057591777e+00 -8.698525436227056984e-01 -2.766839240036818026e-01 -8.698525436227056984e-01 2.347787991194306478e+00 1.231687844705749574e-01 -2.766839240036818026e-01 1.231687844705749574e-01 2.296677906153811843e+00
2.294824935153393142e+00 -8.698607973910816860e-01 -2.765942330539956640e-01 -8.698607973910816860e-01 2.349481389339454829e+00 1.230411261863590400e-01 -2.765942330539956640e-01 1.230411261863590400e-01 2.300165673543908884e+00
2.292040388828933573e+00 -8.700104657243002970e-01 -2.764814315528565936e-01 -8.700104657243002970e-01 2.347972600480316974e+00 1.229426312170717739e-01 -2.764814315528565936e-01 1.229426312170717739e-01 2.298674492723972840e+00
2.292909235513317157e+00 -8.696528024280058000e-01 -2.762302418686127803e-01 -8.696528024280058000e-01 2.349821719722159585e+00 1.228881563457899784e-01 -2.762302418686127803e-01 1.228881563457899784e-01 2.302809905805975887e+00
2.295349324570883809e+00 -8.687685487093205206e-01 -2.758315848560505823e-01 -8.687685487093205206e-01 2.353724651661571077e+00 1.228504641368727834e-01 -2.758315848560505823e-01 1.228504641368727834e-01 2.309924929271725436e+00
-2.557752900477556768e-01 5.361972358248702220e-01 -6.007783835279725260e-01 5.361972358248702220e-01 -6.472713914006006375e-02 -6.921388571915473853e-02 -6.007783835279725260e-01 -6.921388571915473853e-02 -1.630562138110109027e-01
-2.586031982525294759e-01 5.372248675575297394e-01 -6.015353761640496177e-01 5.372248675575297394e-01 -6.820873609861925757e-02 -7.018147029158412764e-02 -6.015353761640496177e-01 -7.018147029158412764e-02 -1.625317260560146249e-01
-2.553427228271401561e-01 5.379465718150830966e-01 -6.018023156725610390e-01 5.379465718150830966e-01 -6.537655913837885080e-02 -7.116186113041332584e-02 -6.018023156725610390e-01 -7.116186113041332584e-02 -1.573155914595268379e-01
-2.552545018808304311e-01 5.387229161426086987e-01 -6.018745999317954842e-01 5.387229161426086987e-01 -6.667454538392311725e-02 -7.253156246779647598e-02 -6.018745999317954842e-01 -7.253156246779647598e-02 -1.547762511242952166e-01
-2.516220755624513639e-01 5.395373946856359959e-01 -6.017849560669968900e-01 5.395373946856359959e-01 -6.176519201363502021e-02 -7.429000513633800262e-02 -6.017849560669968900e-01 -7.429000513633800262e-02 -1.538698520468870790e-01
-3.843328550302025803e+00 1.957609138262831061e-01 -7.016500856778444539e-02 1.957609138262831061e-01 -3.753445766282487384e+00 -1.824782219251631088e-01 -7.016500856778444539e-02 -1.824782219251631088e-01 -3.664120194069807823e+00
-3.837380913334746513e+00 1.955904440192854365e-01 -7.017319839836974604e-02 1.955904440192854365e-01 -3.745849850078152077e+00 -1.825689167157188431e-01 -7.017319839836974604e-02 -1.825689167157188431e-01 -3.657838594010883959e+00
-3.847097692333615981e+00 1.951254436382756641e-01 -7.008523355134246846e-02 1.951254436382756641e-01 -3.754514084183280698e+00 -1.824742786733998257e-01 -7.008523355134246846e-02 -1.824742786733998257e-01 -3.662534096879788592e+00
-3.843548462419593914e+00 1.946631732007943483e-01 -6.981163254438173260e-02 1.946631732007943483e-01 -3.750123728335443385e+00 -1.822431434546591678e-01 -6.981163254438173260e-02 -1.822431434546591678e-01 -3.658664250264705320e+00
-3.838450747870833624e+00 1.940155699304383086e-01 -6.936270849748386869e-02 1.940155699304383086e-01 -3.743999555019992265e+00 -1.817887595207044182e-01 -6.936270849748386869e-02 -1.817887595207044182e-01 -3.652689010535083103e+00
-5.068887154133868478e+00 2.488133197920636282e-06 1.866099898440477105e-06 2.488133197920636282e-06 -5.069889871812629956e+00 -2.177116548180556270e-06 1.866099898440477105e-06 -2.177116548180556270e-06 -5.068617191681894063e+00
-5.058707890204525270e+00 3.968572450683414596e-04 -3.234573157296827039e-05 3.968572450683414596e-04 -5.057558061650436088e+00 5.536096365373415314e-05 -3.234573157296827039e-05 5.536096365373415314e-05 -5.056263610354218230e+00
-5.055925535255950010e+00 1.174398869418540308e-03 -1.184973435509702926e-04 1.174398869418540308e-03 -5.058488934483107435e+00 1.586184913674405696e-04 -1.184973435509702926e-04 1.586184913674405696e-04 -5.050965130709245798e+00
-5.047901305692655605e+00 2.583926326040580663e-03 -2.684073687256886202e-04 2.583926326040580663e-03 -5.059520576710295536e+00 3.365200150187660534e-04 -2.684073687256886202e-04 3.365200150187660534e-04 -5.046157746354213103e+00
-5.040512483144780731e+00 4.365118679102016237e-03 -4.746114075033612957e-04 4.365118679102016237e-03 -5.056329545883962773e+00 5.769358852678475175e-04 -4.746114075033612957e-04 5.769358852678475175e-04 -5.032949180256401256e+00
-4.198790002211288730e+00 8.900721177130507811e-02 1.388054382323137548e-01 8.900721177130507811e-02 -4.102194812389918788e+00 -2.606495677042599546e-01 1.388054382323137548e-01 -2.606495677042599546e-01 -4.169940708343120583e+00
-4.185343463223235361e+00 8.841667909888920041e-02 1.386902048899220363e-01 8.841667909888920041e-02 -4.088176385912170474e+00 -2.600688161113044461e-01 1.386902048899220363e-01 -2.600688161113044461e-01 -4.158031327124000143e+00
-4.187439365156338411e+00 8.768768302036338003e-02 1.392672885780799896e-01 8.768768302036338003e-02 -4.090512229950785006e+00 -2.593444049137755836e-01 1.392672885780799896e-01 -2.593444049137755836e-01 -4.164126467921436259e+00
-4.180373452222467812e+00 8.650478372313279152e-02 1.405703117574324534e-01 8.650478372313279152e-02 -4.083013198592063020e+00 -2.581327736956304242e-01 1.405703117574324534e-01 -2.581327736956304242e-01 -4.161812936970340715e+00
-4.169959659184574896e+00 8.490282630277479203e-02 1.425638180149357559e-01 8.490282630277479203e-02 -4.073316175283370200e+00 -2.564002999962239349e-01 1.425638180149357559e-01 -2.564002999962239349e-01 -4.157405338038540954e+00
-2.495678505205112696e+00 2.469277591905002511e-01 1.773072753232923238e-01 2.469277591905002511e-01 -3.036638859932344836e+00 2.625237048726534739e-01 1.773072753232923238e-01 2.625237048726534739e-01 -3.203052995647015511e+00
-2.527651948296198103e+00 2.502090168431056472e-01 1.796006467947733332e-01 2.502090168431056472e-01 -3.066057414627255895e+00 2.649037488111486982e-01 1.796006467947733332e-01 2.649037488111486982e-01 -3.228420137342287610e+00
-2.521825699103513507e+00 2.521568980654502190e-01 1.796498311705184425e-01 2.521568980654502190e-01 -3.065187091100351591e+00 2.641521875573849543e-01 1.796498311705184425e-01 2.641521875573849543e-01 -3.224316241014872020e+00
-2.516338642160631967e+00 2.550170894769206442e-01 1.792653533064621219e-01 2.550170894769206442e-01 -3.063761044108473275e+00 2.634330160144777722e-01 1.792653533064621219e-01 2.634330160144777722e-01 -3.217550990112077791e+00
-2.508749552964106844e+00 2.588765634492612433e-01 1.785602772858721210e-01 2.588765634492612433e-01 -3.060689119957515025e+00 2.626679590478571691e-01 1.785602772858721210e-01 2.626679590478571691e-01 -3.207331436527379509e+00
-2.694023550105931530e+00 2.958956291758761403e-01 -1.315492737484937613e-01 2.958956291758761403e-01 -2.608233909272020590e+00 3.507235727490096155e-01 -1.315492737484937613e-01 3.507235727490096155e-01 -2.792369565176392232e+00
-2.695115913302897237e+00 2.952630047801393931e-01 -1.310853690293246054e-01 2.952630047801393931e-01 -2.609066200163307148e+00 3.510235188406853890e-01 -1.310853690293246054e-01 3.510235188406853890e-01 -2.793209592772424532e+00
-2.686940299345762728e+00 2.945928871229431256e-01 -1.305170187960897621e-01 2.945928871229431256e-01 -2.601835654447405055e+00 3.515100385429571483e-01 -1.305170187960897621e-01 3.515100385429571483e-01 -2.783374455647357859e+00
-2.685550370581657909e+00 2.938120750747713061e-01 -1.295427891292777745e-01 2.938120750747713061e-01 -2.600944445573824648e+00 3.523973790641645731e-01 -1.295427891292777745e-01 3.523973790641645731e-01 -2.779262099509501649e+00
-2.682956789098477568e+00 2.929083684473711702e-01 -1.282698036330586211e-01 2.929083684473711702e-01 -2.599310215479099018e+00 3.535953780374648248e-01 -1.282698036330586211e-01 3.535953780374648248e-01 -2.773379525812737167e+00
-4.099904010444419100e+00 -3.224255951103138784e-01 -2.734522286088785781e-01 -3.224255951103138784e-01 -3.685793473910745632e+00 -2.681333369794437482e-01 -2.734522286088785781e-01 -2.681333369794437482e-01 -3.254495296424391171e+00
-4.098415061119451863e+00 -3.223602636603408178e-01 -2.732124773808379259e-01 -3.223602636603408178e-01 -3.682905519954727147e+00 -2.693162920247699210e-01 -2.732124773808379259e-01 -2.693162920247699210e-01 -3.251143944974378197e+00
-4.091521529612061059e+00 -3.226407330944112140e-01 -2.730471736190455689e-01 -3.226407330944112140e-01 -3.676889860814649413e+00 -2.707152966558210583e-01 -2.730471736190455689e-01 -2.707152966558210583e-01 -3.247385411464067673e+00
-4.089620536351449509e+00 -3.227631915797095630e-01 -2.728782234507431959e-01 -3.227631915797095630e-01 -3.676761324985167168e+00 -2.722631962193688415e-01 -2.728782234507431959e-01 -2.722631962193688415e-01 -3.241098398906194333e+00
-4.079112504390898231e+00 -3.231439371928084281e-01 -2.725366767076281560e-01 -3.231439371928084281e-01 -3.669903042074041721e+00 -2.739095487586900579e-01 -2.725366767076281560e-01 -2.739095487586900579e-01 -3.230652659723524778e+00
