3.406171875381164504e+00 -8.768145699579469457e-06 1.031546552891702165e-06 -8.768145699579469457e-06 3.406140155324663521e+00 -5.673506040904361693e-06 1.031546552891702165e-06 -5.673506040904361693e-06 3.406226805235106792e+00
3.409794151101644299e+00 8.897089018690930375e-05 -7.323980525531085834e-05 8.897089018690930375e-05 3.406790803312899740e+00 -1.931570920289712296e-04 -7.323980525531085834e-05 -1.931570920289712296e-04 3.409137571720728399e+00
3.404987402051806722e+00 3.001800468914853125e-04 -5.049420376404882517e-04 3.001800468914853125e-04 3.406264198797648302e+00 -7.184721740890704722e-04 -5.049420376404882517e-04 -7.184721740890704722e-04 3.406813755223701445e+00
3.415215444010366586e+00 5.985548873154102230e-04 -1.329663506677404052e-03 5.985548873154102230e-04 3.414428116103871869e+00 -1.560987821163368214e-03 -1.329663506677404052e-03 -1.560987821163368214e-03 3.417429658686148564e+00
3.407762520165723341e+00 1.098854965467885780e-03 -2.373588618203806549e-03 1.098854965467885780e-03 3.409307261128679656e+00 -2.744171717330150684e-03 -2.373588618203806549e-03 -2.744171717330150684e-03 3.412031059801589716e+00
4.107625030494535423e+00 -6.535765426595941952e-01 4.111343275536690212e-01 -6.535765426595941952e-01 5.455432086371112987e+00 1.276749024058382531e+00 4.111343275536690212e-01 1.276749024058382531e+00 5.504265994613155577e+00
4.109382316051732431e+00 -6.544735639261117788e-01 4.086444200807927696e-01 -6.544735639261117788e-01 5.457773707140094466e+00 1.275915194579093859e+00 4.086444200807927696e-01 1.275915194579093859e+00 5.506843514603782630e+00
4.110269518674019018e+00 -6.544035746159539979e-01 4.047660556096442930e-01 -6.544035746159539979e-01 5.458149333221947508e+00 1.275297123512773245e+00 4.047660556096442930e-01 1.275297123512773245e+00 5.508389321669856287e+00
4.113098798773127562e+00 -6.532774516507188212e-01 3.994342800322355225e-01 -6.532774516507188212e-01 5.459773437681758601e+00 1.274699696775348112e+00 3.994342800322355225e-01 1.274699696775348112e+00 5.511620159141990882e+00
4.126672696781984229e+00 -6.511289308849428359e-01 3.927208449794835632e-01 -6.511289308849428359e-01 5.471707118583861273e+00 1.274059470819481010e+00 3.927208449794835632e-01 1.274059470819481010e+00 5.520899784980489500e+00
1.207836078899381382e+00 -1.359557536434317648e-01 1.489278859046319348e-01 -1.359557536434317648e-01 2.148476302821084261e+00 9.504083608478728351e-01 1.489278859046319348e-01 9.504083608478728351e-01 3.221947943122414948e+00
1.213962101098778890e+00 -1.365587283150280218e-01 1.513397845910169348e-01 -1.365587283150280218e-01 2.154996395081446803e+00 9.481927058866268521e-01 1.513397845910169348e-01 9.481927058866268521e-01 3.228022002937601886e+00
1.210717485422792228e+00 -1.370646361978458683e-01 1.552477779131385960e-01 -1.370646361978458683e-01 2.152426235326401205e+00 9.467881389022654304e-01 1.552477779131385960e-01 9.467881389022654304e-01 3.224501485465250727e+00
1.210533111277802831e+00 -1.374320656455858269e-01 1.601174709958201048e-01 -1.374320656455858269e-01 2.153503993203978784e+00 9.461598424596834311e-01 1.601174709958201048e-01 9.461598424596834311e-01 3.223680901824246270e+00
1.210959624857842698e+00 -1.376768427651139937e-01 1.659797247474503190e-01 -1.376768427651139937e-01 2.154776412196008462e+00 9.463096629380154390e-01 1.659797247474503190e-01 9.463096629380154390e-01 3.222247847847526270e+00
2.747376692329420944e+00 -2.035812113439849080e-01 -9.253468345014528862e-02 -2.035812113439849080e-01 5.761996003327786831e+00 -1.777038911521347853e+00 -9.253468345014528862e-02 -1.777038911521347853e+00 5.812921536914452680e+00
2.741353563101806667e+00 -2.031620284664949483e-01 -9.271960963206751782e-02 -2.031620284664949483e-01 5.757174514817177347e+00 -1.776374593937588786e+00 -9.271960963206751782e-02 -1.776374593937588786e+00 5.807625463564874302e+00
2.742212925947210334e+00 -2.018063247607204402e-01 -9.240667709166013044e-02 -2.018063247607204402e-01 5.759540608633208159e+00 -1.775871675675398054e+00 -9.240667709166013044e-02 -1.775871675675398054e+00 5.809620187155102755e+00
2.765990739478309202e+00 -1.995474931897443516e-01 -9.158576674920103355e-02 -1.995474931897443516e-01 5.784021698204996120e+00 -1.775148920406244057e+00 -9.158576674920103355e-02 -1.775148920406244057e+00 5.830567947064911216e+00
2.746424739904560486e+00 -1.962754887615883737e-01 -9.031986987596053729e-02 -1.962754887615883737e-01 5.765938649764527746e+00 -1.774784633536246714e+00 -9.031986987596053729e-02 -1.774784633536246714e+00 5.816771087817749653e+00
1.527946669050864958e+00 5.766843780626708105e-01 -1.339194856664813083e+00 5.766843780626708105e-01 1.329211382429407173e+00 -1.312919533978750275e-01 -1.339194856664813083e+00 -1.312919533978750275e-01 1.823188517192780633e+00
1.543717203989470432e+00 5.765252065190321629e-01 -1.339408242677174288e+00 5.765252065190321629e-01 1.345035330637690096e+00 -1.324691818615652827e-01 -1.339408242677174288e+00 -1.324691818615652827e-01 1.838739523593011960e+00
1.545531385694063786e+00 5.760271277792903266e-01 -1.340193951874129263e+00 5.760271277792903266e-01 1.346717581566180266e+00 -1.338325555700813352e-01 -1.340193951874129263e+00 -1.338325555700813352e-01 1.840093817045682645e+00
1.547014405126657222e+00 5.753252774157290306e-01 -1.341451033175987018e+00 5.753252774157290306e-01 1.353084977444425130e+00 -1.354250722055134470e-01 -1.341451033175987018e+00 -1.354250722055134470e-01 1.842159575250456705e+00
1.538277062472825696e+00 5.744396854044775402e-01 -1.343488749414180727e+00 5.744396854044775402e-01 1.347634153273844948e+00 -1.371543268113198100e-01 -1.343488749414180727e+00 -1.371543268113198100e-01 1.831871378311541454e+00
-2.877593673259910001e-01 -3.418999272034684505e-05 -2.825619233086516570e-07 -3.418999272034684505e-05 -2.870851745769765762e-01 -9.889667315802808155e-06 -2.825619233086516570e-07 -9.889667315802808155e-06 -2.850269935275963062e-01
-2.564916300165022145e-01 9.889667315802808155e-06 2.599569694439595054e-05 9.889667315802808155e-06 -2.589555699877536532e-01 2.158773094078098725e-04 2.599569694439595054e-05 2.158773094078098725e-04 -2.577139928967354665e-01
-2.605254840336564959e-01 5.622982273842167504e-05 7.798709083318785163e-05 5.622982273842167504e-05 -2.614265740070877975e-01 1.140985046320335330e-03 7.798709083318785163e-05 1.140985046320335330e-03 -2.618614368070598108e-01
-2.630063777203064390e-01 1.359122851114614539e-04 1.734930209115120923e-04 1.359122851114614539e-04 -2.646636034005117044e-01 2.882696741594864207e-03 1.734930209115120923e-04 2.882696741594864207e-03 -2.654152181165127522e-01
-2.579818616000320586e-01 2.427206921221317765e-04 2.955597717808496581e-04 2.427206921221317765e-04 -2.621553012073007949e-01 5.246609791995044368e-03 2.955597717808496581e-04 5.246609791995044368e-03 -2.614596337521149505e-01
-1.455748478650431332e+00 3.952577825656652943e-01 -1.530792037848754672e-01 3.952577825656652943e-01 -9.419389943998127679e-01 -9.897083084088610372e-01 -1.530792037848754672e-01 -9.897083084088610372e-01 -7.512460884940801442e-01
-1.461927601166066237e+00 3.954442581422688563e-01 -1.528912668009317632e-01 3.954442581422688563e-01 -9.486380856470739698e-01 -9.896875564246309098e-01 -1.528912668009317632e-01 -9.896875564246309098e-01 -7.585446490322720337e-01
-1.456395297539182954e+00 3.955465566560795732e-01 -1.524896720638577452e-01 3.955465566560795732e-01 -9.422780409027282644e-01 -9.897413362147483573e-01 -1.524896720638577452e-01 -9.897413362147483573e-01 -7.530594027217418773e-01
-1.456492334986569270e+00 3.958069794440948197e-01 -1.519007249057761078e-01 3.958069794440948197e-01 -9.393043692469850159e-01 -9.899909445884466086e-01 -1.519007249057761078e-01 -9.899909445884466086e-01 -7.533554838488568661e-01
-1.449600630251875799e+00 3.962255265063146514e-01 -1.511846353091011452e-01 3.962255265063146514e-01 -9.328545940919538149e-01 -9.902294462663594476e-01 -1.511846353091011452e-01 -9.902294462663594476e-01 -7.502087815640395840e-01
-8.219072985797262199e-01 4.531846147790216106e-01 6.197381913563158040e-01 4.531846147790216106e-01 -1.112237951349799969e+00 -5.266886648697404194e-01 6.197381913563158040e-01 -5.266886648697404194e-01 -1.458119676671230991e+00
-8.401600785353915413e-01 4.525680123509638886e-01 6.192616725597275273e-01 4.525680123509638886e-01 -1.127949883847641832e+00 -5.257496942521087124e-01 6.192616725597275273e-01 -5.257496942521087124e-01 -1.473903116294760007e+00
-8.432861707882869373e-01 4.519130188021477923e-01 6.198176111557471835e-01 4.519130188021477923e-01 -1.132094366517600204e+00 -5.246492464776996156e-01 6.198176111557471835e-01 -5.246492464776996156e-01 -1.477134124740262289e+00
-8.421625711166265127e-01 4.511774332059382275e-01 6.205754694632364954e-01 4.511774332059382275e-01 -1.128301265174277423e+00 -5.234359698369396297e-01 6.205754694632364954e-01 -5.234359698369396297e-01 -1.476455393170214014e+00
-8.400824171079033231e-01 4.503401550990176472e-01 6.211932441392563620e-01 4.503401550990176472e-01 -1.125061464869059558e+00 -5.217288837421505399e-01 6.211932441392563620e-01 -5.217288837421505399e-01 -1.472760760655706491e+00
1.192799340163047672e+00 -1.154077255274922775e+00 -1.222150128450756768e+00 -1.154077255274922775e+00 1.378515449800362447e+00 -1.872537158234771348e-01 -1.222150128450756768e+00 -1.872537158234771348e-01 1.584109116311512189e+00
1.191627894556807066e+00 -1.154588538839267819e+00 -1.222517630278224132e+00 -1.154588538839267819e+00 1.376607122792623539e+00 -1.874468554700292888e-01 -1.222517630278224132e+00 -1.874468554700292888e-01 1.581930930297618332e+00
1.193612136175621341e+00 -1.154858129595913496e+00 -1.221810256322726884e+00 -1.154858129595913496e+00 1.378335454379756353e+00 -1.867730127031695664e-01 -1.221810256322726884e+00 -1.867730127031695664e-01 1.585588244104690903e+00
1.192623636734587267e+00 -1.155162056289724015e+00 -1.220249044179763542e+00 -1.155162056289724015e+00 1.376626705006787965e+00 -1.851184497310394417e-01 -1.220249044179763542e+00 -1.851184497310394417e-01 1.584902330109921431e+00
1.192194705769535901e+00 -1.155517486889281908e+00 -1.217729376540785280e+00 -1.155517486889281908e+00 1.376517527456583956e+00 -1.826779156972457019e-01 -1.217729376540785280e+00 -1.826779156972457019e-01 1.585697421654894468e+00
-1.873915620141794358e+00 -5.753814362567151175e-01 9.426829075958659265e-01 -5.753814362567151175e-01 -2.051712020536883507e+00 8.592612131918893059e-01 9.426829075958659265e-01 8.592612131918893059e-01 -1.652331433555080720e+00
-1.875324805799915007e+00 -5.747566623390021334e-01 9.425262648542723776e-01 -5.747566623390021334e-01 -2.053153553070897530e+00 8.592034081266358703e-01 9.425262648542723776e-01 8.592034081266358703e-01 -1.652248469808576870e+00
-1.880954959253975378e+00 -5.748324378908628018e-01 9.426230059738416323e-01 -5.748324378908628018e-01 -2.059130536916478071e+00 8.595178916422632209e-01 9.426230059738416323e-01 8.595178916422632209e-01 -1.658057429604379518e+00
-1.878516364221367585e+00 -5.752763089100626503e-01 9.427398141367888673e-01 -5.752763089100626503e-01 -2.056689246310879238e+00 8.599363044721026750e-01 9.427398141367888673e-01 8.599363044721026750e-01 -1.656305906176390286e+00
-1.876899020426712639e+00 -5.758402826814209563e-01 9.428910657324002242e-01 -5.758402826814209563e-01 -2.053673199641957936e+00 8.606787850770933890e-01 9.428910657324002242e-01 8.606787850770933890e-01 -1.651096561617050318e+00
-3.120254330914143726e+00 2.902372602145030547e-05 2.778867385032476452e-06 2.902372602145030547e-05 -3.120606938309000267e+00 -1.173299562569267798e-05 2.778867385032476452e-06 -1.173299562569267798e-05 -3.120062280301533875e+00
-3.119401218626938643e+00 1.781562756848598485e-04 4.971084988780319005e-05 1.781562756848598485e-04 -3.117064191156126540e+00 -3.334640862038971065e-05 4.971084988780319005e-05 -3.334640862038971065e-05 -3.118735834269744434e+00
-3.115833770430642691e+00 7.157127331672532211e-04 1.911243234816780844e-04 7.157127331672532211e-04 -3.114292734084120440e+00 -1.315330562248705464e-04 1.911243234816780844e-04 -1.315330562248705464e-04 -3.115968391117295067e+00
-3.113533176998878549e+00 1.674421981003457660e-03 4.239316577388432664e-04 1.674421981003457660e-03 -3.111481755342639044e+00 -2.967212841129121862e-04 4.239316577388432664e-04 -2.967212841129121862e-04 -3.112979873626214200e+00
-3.110248864512812794e+00 2.964125210701307710e-03 7.404137765897642704e-04 2.964125210701307710e-03 -3.107152279956758356e+00 -5.369389313968306885e-04 7.404137765897642704e-04 -5.369389313968306885e-04 -3.108713385901061166e+00
-3.782289699967761987e+00 7.453477403797539314e-01 3.854515504940217996e-01 7.453477403797539314e-01 -3.586227206181527016e+00 -2.702807910216277754e-01 3.854515504940217996e-01 -2.702807910216277754e-01 -3.665695955863490951e+00
-3.785168302175665023e+00 7.455890358994703426e-01 3.854794767635338348e-01 7.455890358994703426e-01 -3.589053407411806784e+00 -2.707483207022224891e-01 3.854794767635338348e-01 -2.707483207022224891e-01 -3.668800792232272290e+00
-3.770286738308844310e+00 7.452388593064879219e-01 3.847781822426418752e-01 7.452388593064879219e-01 -3.569978824000162643e+00 -2.707781296415892602e-01 3.847781822426418752e-01 -2.707781296415892602e-01 -3.653712448459738749e+00
-3.780492377813100102e+00 7.444876740344452681e-01 3.842275013101293379e-01 7.444876740344452681e-01 -3.583140568954675143e+00 -2.703526462544171838e-01 3.842275013101293379e-01 -2.703526462544171838e-01 -3.664429546607866683e+00
-3.775610614879750138e+00 7.436094085472074733e-01 3.832243520558601402e-01 7.436094085472074733e-01 -3.576796912879116164e+00 -2.696912015787839567e-01 3.832243520558601402e-01 -2.696912015787839567e-01 -3.660377413523840051e+00
-2.256194831144077817e+00 -7.556570369192024961e-01 1.822861621502343960e-02 -7.556570369192024961e-01 -1.841965748595515429e+00 -9.078993836543146623e-01 1.822861621502343960e-02 -9.078993836543146623e-01 -1.655916388831708330e+00
-2.266503671901774819e+00 -7.548528861742738183e-01 1.810208690318154678e-02 -7.548528861742738183e-01 -1.851528606111831454e+00 -9.074718225199862598e-01 1.810208690318154678e-02 -9.074718225199862598e-01 -1.666024341819419163e+00
-2.256712042193668388e+00 -7.537617957340068120e-01 1.795786747428118613e-02 -7.537617957340068120e-01 -1.843995014904865837e+00 -9.068568660778353330e-01 1.795786747428118613e-02 -9.068568660778353330e-01 -1.654830395543814170e+00
-2.263678350324793254e+00 -7.527279732998103379e-01 1.785352576688550158e-02 -7.527279732998103379e-01 -1.845802705002246968e+00 -9.065993099667637445e-01 1.785352576688550158e-02 -9.065993099667637445e-01 -1.661054318423468512e+00
-2.259764636799977300e+00 -7.513706316061889989e-01 1.776417568411563230e-02 -7.513706316061889989e-01 -1.841053358320787980e+00 -9.059939481643732861e-01 1.776417568411563230e-02 -9.059939481643732861e-01 -1.656537941588694496e+00
-1.969177930654554709e+00 5.262699663599623712e-01 6.184790173460731344e-01 5.262699663599623712e-01 -2.021127183186185672e+00 -8.814941403096652195e-01 6.184790173460731344e-01 -8.814941403096652195e-01 -2.141603694640204392e+00
-1.972387838381792102e+00 5.262696655815022329e-01 6.184332990201230063e-01 5.262696655815022329e-01 -2.022843425080078195e+00 -8.807891155989602261e-01 6.184332990201230063e-01 -8.807891155989602261e-01 -2.143303694497245893e+00
-1.970641819420340557e+00 5.267512118962799361e-01 6.187620498771198019e-01 5.267512118962799361e-01 -2.023337002533263540e+00 -8.798852763260638365e-01 6.187620498771198019e-01 -8.798852763260638365e-01 -2.143659515415660799e+00
-1.964147410907736147e+00 5.273560773797388856e-01 6.188447639536743816e-01 5.273560773797388856e-01 -2.014320566631895737e+00 -8.788148057862176232e-01 6.188447639536743816e-01 -8.788148057862176232e-01 -2.134881596833229978e+00
-1.964049357129711071e+00 5.281747963483990338e-01 6.190213209098108793e-01 5.281747963483990338e-01 -2.015966426366100794e+00 -8.771930083288278501e-01 6.190213209098108793e-01 -8.771930083288278501e-01 -2.137373245597513627e+00
-2.585139194417575226e+00 4.745905871604077508e-01 -2.442321146907645291e-01 4.745905871604077508e-01 -2.382489775287911726e+00 5.606833883987281247e-02 -2.442321146907645291e-01 5.606833883987281247e-02 -2.328971086863227846e+00
-2.586472124832179809e+00 4.740583859431948266e-01 -2.433977057128080268e-01 4.740583859431948266e-01 -2.382297709512259054e+00 5.618485267534020083e-02 -2.433977057128080268e-01 5.618485267534020083e-02 -2.331204268709685667e+00
-2.589072143207492349e+00 4.736326856537136920e-01 -2.427905593983022414e-01 4.736326856537136920e-01 -2.382335030350181793e+00 5.635719605696903889e-02 -2.427905593983022414e-01 5.635719605696903889e-02 -2.332217696341094992e+00
-2.581458692271171085e+00 4.731344676385120240e-01 -2.422444007945488698e-01 4.731344676385120240e-01 -2.372263562275523263e+00 5.648766727897678447e-02 -2.422444007945488698e-01 5.648766727897678447e-02 -2.324276246821074476e+00
-2.577330036648242118e+00 4.725030476082838216e-01 -2.417440588292214809e-01 4.725030476082838216e-01 -2.365020892346861192e+00 5.657717660570302926e-02 -2.417440588292214809e-01 5.657717660570302926e-02 -2.318723634349582063e+00
